# Output from CTFFind version 4.1.10, run on 2022-12-03 19:06:01
# Input file: /home/limzh/Projects/libCTF/assets/20210929_21_ali.mrc ; Number of micrographs: 41
# Pixel size: 3.050 Angstroms ; acceleration voltage: 300.0 keV ; spherical aberration: 2.70 mm ; amplitude contrast: 0.07
# Box size: 512 pixels ; min. res.: 30.0 Angstroms ; max. res.: 5.0 Angstroms ; min. def.: 5000.0 um; max. def. 50000.0 um
# Columns: #1 - micrograph number; #2 - defocus 1 [Angstroms]; #3 - defocus 2; #4 - azimuth of astigmatism; #5 - additional phase shift [radians]; #6 - cross correlation; #7 - spacing (in Angstroms) up to which CTF rings were fit successfully
1.000000 6215.779785 5389.785156 -60.625777 0.000000 0.021668 5.441115
2.000000 5888.850098 5552.544434 81.064155 0.000000 0.007393 5.678545
3.000000 5881.578613 5572.010254 -32.997662 0.000000 0.024817 6.246400
4.000000 5654.327637 5540.582031 16.865088 0.000000 0.031262 5.870677
5.000000 5599.999023 5560.828613 20.633686 0.000000 0.041563 5.577143
6.000000 5555.395020 5525.098145 30.085115 0.000000 0.047163 5.275676
7.000000 5535.395996 5486.140137 14.720921 0.000000 0.056380 5.275676
8.000000 5525.743652 5435.494629 55.667217 0.000000 0.055967 4.313812
9.000000 5501.526367 5488.009277 69.097691 0.000000 0.062116 5.222742
10.000000 5507.454590 5451.280762 -76.186792 0.000000 0.064573 5.188040
11.000000 5531.354492 5457.663086 30.930430 0.000000 0.073496 5.188040
12.000000 5462.402832 5438.682129 53.313718 0.000000 0.073966 5.257912
13.000000 5485.263184 5417.899902 84.388947 0.000000 0.079219 5.257912
14.000000 5444.546875 5422.557129 54.776662 0.000000 0.085382 5.205333
15.000000 5435.375977 5386.846191 24.777138 0.000000 0.094188 5.240268
16.000000 5440.063477 5394.586426 59.540432 0.000000 0.097501 5.257912
17.000000 5430.613770 5401.025391 52.720622 0.000000 0.110620 5.240268
18.000000 5458.940430 5416.138184 63.896447 0.000000 0.116706 5.222742
19.000000 5480.241699 5424.958984 -89.123266 0.000000 0.133315 5.222742
20.000000 5500.000000 5440.206055 51.898967 0.000000 0.137343 4.313812
21.000000 5596.197754 5595.042969 75.904507 0.000000 0.150931 5.205333
22.000000 5499.999512 5461.632812 71.601030 0.000000 0.143790 4.313812
23.000000 5450.992676 5415.455566 66.324620 0.000000 0.126645 5.188040
24.000000 5452.706055 5403.656738 86.003946 0.000000 0.125071 5.240268
25.000000 5445.310059 5445.310059 89.183139 0.000000 0.109244 5.275676
26.000000 5420.174805 5388.578613 51.948909 0.000000 0.104332 4.313812
27.000000 5453.516113 5399.447266 -85.769499 0.000000 0.093985 5.222742
28.000000 5448.833984 5448.833984 86.683126 0.000000 0.088049 5.275676
29.000000 5453.857910 5426.291504 -1.083577 0.000000 0.078666 5.741176
30.000000 5462.257812 5450.798340 40.077088 0.000000 0.073347 5.762362
31.000000 5490.248535 5488.878418 77.805635 0.000000 0.072307 5.293559
32.000000 5496.173828 5452.029785 80.391716 0.000000 0.066512 5.205333
33.000000 5553.082031 5525.922852 86.837454 0.000000 0.064381 5.240268
34.000000 5584.403809 5539.035156 69.874632 0.000000 0.060222 5.222742
35.000000 5604.039062 5578.748535 -78.012563 0.000000 0.057572 5.293559
36.000000 5599.999512 5599.999512 19.183124 0.000000 0.051182 5.720146
37.000000 5622.259277 5622.258789 49.183116 0.000000 0.048114 5.678545
38.000000 5649.619141 5649.619141 49.183116 0.000000 0.049441 5.637545
39.000000 5937.497070 5716.882812 -49.414653 0.000000 0.022306 5.293559
40.000000 5917.372070 5677.622559 49.592118 0.000000 0.018387 5.441115
41.000000 5937.447266 5378.976074 24.223059 0.000000 0.027067 1561.599976
